13.004068
13.946458
4.995932
4.053542
13.004068
52.406467
52.591628
43.593533
43.408372
52.406467
89.487117
89.512846
80.512883
80.487154
89.487117
24.226115
26.485634
17.773885
15.514366
24.226115
32.479230
39.342618
33.520770
26.657382
32.479230
60.778413
65.110421
57.221587
52.889579
60.778413
67.040983
75.982588
74.959017
66.017412
67.040983
9.529553
12.839637
4.470447
1.160363
9.529553
46.121235
44.777956
35.878765
37.222044
46.121235
47.178661
56.088946
54.821339
45.911054
47.178661
79.382272
84.212031
76.617728
71.787969
79.382272
25.009810
21.093367
12.990190
16.906633
25.009810
35.921732
35.034421
26.078268
26.965579
35.921732
69.983886
61.833641
58.016114
66.166359
69.983886
90.145000
93.991576
85.855000
82.008424
90.145000
13.118860
5.250841
0.881140
8.749159
13.118860
43.618101
51.212113
46.381899
38.787887
43.618101
60.312741
58.503538
49.687259
51.496462
60.312741
69.317894
77.137631
72.682106
64.862369
69.317894
84.390712
89.210146
81.609288
76.789854
84.390712
27.099558
22.815321
14.900442
19.184679
27.099558
36.917195
33.342394
25.082805
28.657606
36.917195
60.845622
68.988210
65.154378
57.011790
60.845622
76.546106
83.347754
77.453894
70.652246
76.546106
2.732502
11.721065
11.267498
2.278935
2.732502
41.426635
39.324399
30.573365
32.675601
41.426635
50.835942
41.863133
41.164058
50.136867
50.835942
93.685869
84.693884
84.314131
93.306116
93.685869
23.057229
15.048084
10.942771
18.951916
23.057229
22.671918
31.665587
31.328082
22.334413
22.671918
74.103325
74.864435
65.896675
65.135565
74.103325
49.737018
58.463785
56.262982
47.536215
49.737018
4.929338
13.017671
9.070662
0.982329
4.929338
38.840827
45.361970
39.159173
32.638030
38.840827
85.085815
76.174495
74.914185
83.825505
85.085815
22.213702
13.350711
11.786298
20.649289
22.213702
23.965261
32.593779
30.034739
21.406221
23.965261
67.115961
59.240733
54.884039
62.759267
67.115961
53.277609
48.044809
40.722391
45.955191
53.277609
77.670686
74.888480
66.329314
69.111520
77.670686
83.869870
91.996878
88.130130
80.003122
83.869870
12.110698
17.266287
9.889302
4.733713
12.110698
40.436574
38.308121
29.563426
31.691879
40.436574
20.732211
25.123679
17.267789
12.876321
20.732211
57.561674
60.825618
52.438326
49.174382
57.561674
85.233665
80.281181
72.766335
77.718819
85.233665
4.209066
12.719326
9.790934
1.280674
4.209066
71.108013
66.786667
58.891987
63.213333
71.108013
27.607062
33.334941
26.392938
20.665059
27.607062
48.368416
50.399423
41.631584
39.600577
48.368416
93.352135
87.387788
80.647865
86.612212
93.352135
17.487234
23.345282
16.512766
10.654718
17.487234
59.478952
59.520950
50.521048
50.479050
59.478952
36.341791
41.220900
33.658209
28.779100
36.341791
77.358149
75.433692
66.641851
68.566308
77.358149
11.063686
11.897597
2.936314
2.102403
11.063686
50.954790
42.754899
39.045210
47.245101
50.954790
89.336243
82.406682
76.663757
83.593318
89.336243
30.641774
27.944552
19.358226
22.055448
30.641774





















































































































































































































































































































































































































































































































































































































































































































































































































































































































































































































































































































































































































































































































































































































































































































































































































































































































































































































































































































































































































































































































































































































































































































































































































































































































































































































































































































































































































































































































































































































































































































































































































































































































































































































































































































































































































































































































































































































































































































































































































































































































































































































































































































































































































































































































































































































































































































































































































































































































































































































































































































































































































































































































































































































































































































































































































































































































































































































































































































































































































































































































































































































































































































































































































































































































































































































































































































































































































































































































































































































































































































































































































































































































































































































































































































































































































































































































































































































































































































































































































































































































































































































































































































































































































































































































































































































































































































































































































































































































































































































































































































































































































































































































































































































































































































































































































































































































































































































































































































































































































































































































































































































































































































































