9.946458
0.995932
0.053542
9.004068
9.946458
9.591628
0.593533
0.408372
9.406467
9.591628
9.512846
0.512883
0.487154
9.487117
9.512846
12.485634
3.773885
1.514366
10.226115
12.485634
13.342618
7.520770
0.657382
6.479230
13.342618
13.110421
5.221587
0.889579
8.778413
13.110421
11.982588
10.959017
2.017412
3.040983
11.982588
20.839637
12.470447
9.160363
17.529553
20.839637
18.777956
9.878765
11.222044
20.121235
18.777956
20.088946
18.821339
9.911054
11.178661
20.088946
21.212031
13.617728
8.787969
16.382272
21.212031
19.093367
10.990190
14.906633
23.009810
19.093367
21.034421
12.078268
12.965579
21.921732
21.034421
14.833641
11.016114
19.166359
22.983886
14.833641
22.991576
14.855000
11.008424
19.145000
22.991576
23.250841
18.881140
26.749159
31.118860
23.250841
31.212113
26.381899
18.787887
23.618101
31.212113
28.503538
19.687259
21.496462
30.312741
28.503538
31.137631
26.682106
18.862369
23.317894
31.137631
31.210146
23.609288
18.789854
26.390712
31.210146
28.815321
20.900442
25.184679
33.099558
28.815321
29.342394
21.082805
24.657606
32.917195
29.342394
38.988210
35.154378
27.011790
30.845622
38.988210
39.347754
33.453894
26.652246
32.546106
39.347754
39.721065
39.267498
30.278935
30.732502
39.721065
38.324399
29.573365
31.675601
40.426635
38.324399
30.863133
30.164058
39.136867
39.835942
30.863133
30.693884
30.314131
39.306116
39.685869
30.693884
35.048084
30.942771
38.951916
43.057229
35.048084
45.665587
45.328082
36.334413
36.671918
45.665587
45.864435
36.896675
36.135565
45.103325
45.864435
48.463785
46.262982
37.536215
39.737018
48.463785
51.017671
47.070662
38.982329
42.929338
51.017671
51.361970
45.159173
38.638030
44.840827
51.361970
41.174495
39.914185
48.825505
50.085815
41.174495
43.350711
41.786298
50.649289
52.213702
43.350711
56.593779
54.034739
45.406221
47.965261
56.593779
49.240733
44.884039
52.759267
57.115961
49.240733
54.044809
46.722391
51.955191
59.277609
54.044809
55.888480
47.329314
50.111520
58.670686
55.888480
58.996878
55.130130
47.003122
50.869870
58.996878
61.266287
53.889302
48.733713
56.110698
61.266287
62.308121
53.563426
55.691879
64.436574
62.308121
67.123679
59.267789
54.876321
62.732211
67.123679
66.825618
58.438326
55.174382
63.561674
66.825618
62.281181
54.766335
59.718819
67.233665
62.281181
70.719326
67.790934
59.280674
62.209066
70.719326
66.786667
58.891987
63.213333
71.108013
66.786667
73.334941
66.392938
60.665059
67.607062
73.334941
72.399423
63.631584
61.600577
70.368416
72.399423
67.387788
60.647865
66.612212
73.352135
67.387788
77.345282
70.512766
64.654718
71.487234
77.345282
75.520950
66.521048
66.479050
75.478952
75.520950
79.220900
71.658209
66.779100
74.341791
79.220900
76.433692
67.641851
69.566308
78.358149
76.433692
79.897597
70.936314
70.102403
79.063686
79.897597
74.754899
71.045210
79.245101
82.954790
74.754899
76.406682
70.663757
77.593318
83.336243
76.406682
81.944552
73.358226
76.055448
84.641774
81.944552





















































































































































































































































































































































































































































































































































































































































































































































































































































































































































































































































































































































































































































































































































































































































































































































































































































































































































































































































































































































































































































































































































































































































































































































































































































































































































































































































































































































































































































































































































































































































































































































































































































































































































































































































































































































































































































































































































































































































































































































































































































































































































































































































































































































































































































































































































































































































































































































































































































































































































































































































































































































































































































































































































































































































































































































































































































































































































































































































































































































































































































































































































































































































































































































































































































































































































































































































































































































































































































































































































































































































































































































































































































































































































































































































































































































































































































































































































































































































































































































































































































































































































































































































































































































































































































































































































































































































































































































































































































































































































































































































































































































































































































































































































































































































































































































































































































































































































































































































































































































































































































































































































































































































































































































